0
0
0
0
0
0
0
0
0
0
0
0
0
0
0
0
0
0
0
0
0
0
0
0
0
0
0
0
0
0
0
0
0
0
0
0
0
0
0
0
0
1
0
0
0
0
0
0
0
0
0
0
0
0
0
0
0
0
0
0
0
0
0
0
0
0
0
0
0
1
0
0
1
0
0
0
1
1
0
0
0
1
1
0
2
2
0
3
1
1
4
2
1
2
3
2
2
7
6
6
4
3
6
8
3
10
9
18
17
10
12
27
16
13
25
16
20
37
31
31
39
28
42
56
49
62
57
57
73
69
76
99
110
104
117
149
142
154
167
165
205
232
223
251
300
296
334
362
408
382
433
431
499
522
548
562
620
715
653
785
822
835
936
954
1010
1045
1105
1076
1254
1239
1303
1334
1353
1404
1405
1576
1534
1532
1627
1657
1714
1734
1706
1688
1730
1671
1654
1661
1595
1478
1572
1533
1476
1551
1389
1362
1286
1246
1234
1108
1068
1081
950
879
805
772
732
684
624
626
595
543
512
471
455
411
415
420
385
396
400
382
349
388
381
375
397
387
368
378
385
401
391
451
397
456
434
441
514
445
452
486
477
429
488
446
484
512
482
466
463
472
486
498
451
452
490
442
406
505
449
454
448
411
400
406
403
404
393
371
361
359
359
307
317
297
299
271
290
266
262
281
266
251
231
238
221
229
240
240
226
239
211
234
245
194
239
268
252
272
309
267
335
330
330
366
384
423
411
480
545
549
543
624
657
668
770
827
848
994
1044
1140
1209
1325
1414
1455
1635
1770
1878
1969
2279
2400
2562
2723
3000
3115
3418
3610
3896
4309
4422
4833
5051
5568
5671
6013
6296
6827
7111
7376
8100
8312
8733
9199
9799
10139
10615
11066
11574
11786
12480
13003
13409
13897
14470
14769
15452
15631
16358
16566
17201
17673
17882
18609
18785
19267
19925
20114
20799
21170
21670
21980
22269
22594
23260
23598
24085
24691
25055
25622
25882
26604
26944
27348
27943
28495
29161
29716
30117
30838
31286
32091
33093
33319
34116
34783
35390
36635
37156
38375
38879
39528
40772
41380
42676
43731
44918
46099
47346
48590
49478
51064
51820
53628
54714
56590
58205
59618
60339
62498
63991
65911
67110
68584
69723
72177
73847
74720
76946
77789
79954
81192
82515
84577
85470
87112
88629
89828
91069
92317
93388
94032
94424
95907
96431
98077
97697
97882
97850
97969
98177
97779
98062
96938
96967
95852
94849
93575
92606
91633
89880
87988
87486
85123
83741
81662
79691
77858
75545
73199
71217
68852
66552
64556
62209
59981
57454
55216
53301
51403
49124
47085
45120
43103
41058
39513
37832
36365
34540
32980
31640
30430
29220
28176
27072
26320
25410
24380
23859
22850
22371
21675
21237
20783
20212
19842
19514
19334
19113
19083
18721
18582
18238
18429
18263
17953
18060
17957
18107
17762
17806
17907
17706
17722
17664
17757
17419
17651
17352
17560
17781
17492
17422
17402
17218
17187
17160
17272
17267
17044
17093
17174
16844
16620
16855
16835
16592
16668
16754
16717
16505
16498
16432
16614
16109
16227
16201
16091
15985
16082
15997
16014
15963
15961
15864
15895
15945
15874
15850
16067
16029
15735
15853
15656
15695
15688
15908
16057
15722
15801
15763
15692
15884
15697
15941
15818
15979
15876
15888
15912
16015
15995
16001
16289
16235
16180
16173
16462
16498
16503
16415
16569
16486
16340
16626
16696
16893
16676
16759
16917
16700
16775
17153
17146
17014
17260
17317
17269
17387
17622
17549
17424
17698
17781
17986
17843
18175
17910
18336
18270
18227
18403
18571
18414
18582
18832
18889
19026
18793
19351
18945
19132
19315
19348
19340
19520
19668
19693
19894
19881
20183
20318
20649
20509
20575
20432
20916
20976
21030
20959
20958
21516
21225
21511
21581
21714
21860
21933
22259
22274
22528
22799
22912
23232
23433
23166
23470
23518
23915
24104
24471
24750
25040
24726
25322
25402
25787
25830
26118
26293
26803
26775
27144
27130
27932
27668
28277
28578
28897
29151
29426
29828
30091
30209
30852
31210
31717
32020
32324
32492
33174
33416
33861
34723
34623
35427
35662
36002
36325
36901
36933
37510
37911
38407
38751
39098
39794
39988
40453
40919
40617
41482
41826
41998
42255
42694
43081
43485
43622
43827
43693
44241
44250
44457
44120
44336
44709
44538
44681
43970
44575
44237
44201
43961
43529
43545
43165
42939
42519
42135
41818
40904
40413
39973
40043
39432
38901
38432
37874
37319
36675
35930
35624
34873
34337
33731
32822
32097
31599
30736
30163
29549
29179
28320
27564
27082
26740
25954
25111
24482
24041
23561
23191
22477
22130
21581
21583
21140
20467
19948
19732
19029
19057
18707
18206
17846
17764
17310
17094
16939
16740
16313
16163
16229
15878
15870
15627
15489
15308
15175
15204
14737
14834
14830
14535
14404
14392
13976
14322
14147
13792
13946
13896
13609
13578
13597
13591
13617
13322
13394
13472
13185
13025
13330
12977
13214
12993
12930
12836
12729
12783
12830
12705
12604
12480
12719
12530
12599
12565
12267
12220
12247
12346
12312
12219
12208
12359
12027
12174
12094
12049
12091
12276
12142
11892
11895
11930
11805
11883
11535
11830
11677
11592
11559
11702
11585
11534
11391
11587
11618
11584
11682
11532
11384
11583
11497
11554
11744
11516
11229
11581
11523
11349
11503
11501
11650
11481
11676
11418
11502
11679
11479
11504
11526
11416
11539
11576
11521
11622
11808
11847
11553
11598
11498
11706
11407
11738
11605
11701
11895
11958
11946
11868
11809
11910
11890
12042
12090
12039
12057
11941
12076
12028
12099
12110
12272
12047
12343
12367
12234
12177
12332
12467
12361
12245
12521
12406
12420
12562
12340
12615
12671
12763
12620
12690
12887
12819
13005
12825
12915
13008
13131
13236
12981
13203
13393
13505
13587
13449
13525
13684
13955
13674
13911
13820
14043
14033
14029
14295
14097
14355
14420
14411
14518
14563
14776
15103
15060
15101
15106
15191
15176
15438
15594
15679
15667
16309
16026
16307
16431
16384
16409
16463
16692
16751
16977
16987
17158
17467
17438
17370
17525
17565
17633
17918
17906
17906
18177
18219
18033
18481
18651
18624
18556
18619
18447
18750
18739
18687
18792
18723
18857
18965
18929
18880
18813
18552
18806
18861
18751
18491
18531
18394
18535
18260
18225
18153
18011
17903
17638
17825
17802
17429
17039
16932
17041
16700
16473
16089
16263
15971
15774
15811
15491
15174
15234
14711
14497
14467
14089
13983
13925
13598
13364
13245
13071
12722
12522
12510
12113
11911
11671
11443
11254
11197
11068
11002
10869
10557
10550
10362
10183
10031
10156
9749
9698
9568
9356
9479
9169
9192
8794
9054
8560
8625
8563
8452
8467
8307
8223
8254
8226
8036
7996
8124
7992
7794
7808
7814
7828
7724
7596
7419
7631
7445
7594
7419
7516
7335
7597
7369
7144
7146
7175
7173
7187
7175
6913
6875
7013
6985
6835
6881
6834
7024
6985
6838
6684
6898
6880
6816
6547
6765
6663
6833
6667
6829
6700
6648
6637
6723
6634
6519
6512
6583
6575
6447
6300
6520
6495
6368
6463
6253
6445
6499
6357
6326
6507
6188
6276
6200
6250
6290
6292
6160
6438
6144
6228
6224
6105
6201
6318
6266
6326
6209
6196
6220
6156
6074
6326
6182
6188
6144
6245
6133
6288
6109
6258
6131
6214
6214
6073
6196
5952
6044
6142
6307
6041
6141
6155
6192
6137
6119
6112
6218
6198
6158
6137
6082
6290
6131
6177
6029
6200
6161
6014
6235
6097
6209
6141
6295
6160
6196
6123
6226
6267
6401
6320
6205
6268
6334
6490
6347
6286
6399
6337
6520
6517
6637
6378
6469
6532
6600
6483
6529
6720
6603
6676
6496
6543
6652
6663
6695
6651
6775
6796
6754
6716
6757
6898
6701
6813
7045
6831
6842
7109
7018
7185
7253
7217
7141
7205
7195
7277
7180
7172
7200
7544
7343
7486
7371
7364
7535
7612
7527
7478
7674
7571
7717
7624
7726
7783
7845
7745
7725
7751
7721
7765
7807
7969
7946
7956
7910
7678
7927
8043
7985
7883
8019
7944
8082
7983
8025
7871
7906
7940
7896
7878
7768
8074
7701
7778
7766
7893
7741
7691
7583
7715
7592
7571
7293
7427
7536
7267
7288
7199
7306
7209
6886
6883
6795
6679
6766
6520
6572
6475
6392
6311
6248
6387
6328
6305
5926
6046
5769
5803
5655
5743
5725
5607
5443
5366
5219
5397
5323
5077
5159
4930
5018
4831
4905
4805
4833
4728
4672
4607
4596
4532
4454
4299
4403
4243
4382
4207
4223
4204
4316
4056
4079
3981
4064
3927
3937
3970
3759
3876
3974
3756
3798
3754
3629
3765
3706
3635
3754
3743
3594
3637
3416
3603
3564
3508
3527
3550
3526
3517
3425
3458
3437
3415
3398
3385
3320
3359
3365
3435
3305
3269
3294
3257
3177
3324
3217
3281
3189
3191
3186
3161
3210
3332
3284
3176
3091
3128
3157
3146
3224
3075
3133
3205
3151
3003
3017
3014
3064
3126
3094
3051
3023
3015
3155
3115
3082
3045
3079
3030
3091
3032
3034
3132
2980
3028
2991
3010
2963
2976
2911
3053
2917
2969
2962
2979
2977
3011
2983
3013
2947
2916
2985
3014
2869
2922
2889
2950
2991
2934
2946
3006
2981
2964
2943
2909
2900
3007
2927
2944
2982
2941
2977
3025
2969
2849
2892
2886
2997
2855
2913
2914
2980
2896
3029
2990
2972
2917
3001
2959
3000
2916
3006
2947
2879
2935
2938
2916
2987
3022
2994
3055
2985
2961
2943
3043
3014
2988
3034
3043
3063
3029
3091
3061
3084
2950
3125
2947
3056
3053
3056
3125
3037
3144
3116
3115
3156
3084
3072
3176
3238
3171
3295
3174
3152
3157
3172
3274
3237
3243
3298
3236
3245
3272
3253
3308
3305
3248
3208
3334
3369
3256
3320
3386
3353
3391
3390
3373
3278
3349
3468
3360
3406
3318
3439
3319
3476
3362
3391
3256
3400
3401
3459
3421
3408
3318
3389
3317
3351
3372
3413
3273
3335
3265
3255
3242
3230
3263
3337
3328
3085
3291
3223
3233
3152
3121
3043
3129
3065
2993
3045
3040
2942
2939
2922
2864
2922
2890
2855
2720
2754
2709
2706
2693
2763
2583
2564
2660
2545
2602
2530
2548
2472
2417
2395
2324
2426
2337
2404
2344
2385
2206
2228
2257
2255
2146
2088
2091
2166
2134
2009
2138
1965
2065
1963
2014
1919
1965
1892
1885
1946
1963
1768
1816
1832
1816
1875
1788
1825
1818
1750
1779
1756
1742
1766
1715
1692
1734
1714
1701
1663
1632
1679
1635
1688
1589
1623
1649
1620
1604
1547
1573
1550
1578
1616
1612
1508
1526
1551
1526
1609
1538
1551
1602
1544
1499
1438
1493
1506
1538
1491
1475
1579
1448
1493
1461
1516
1436
1384
1461
1469
1465
1435
1409
1506
1379
1381
1433
1457
1417
1503
1435
1390
1362
1366
1471
1377
1318
1474
1371
1400
1343
1407
1358
1280
1410
1337
1358
1343
1385
1432
1348
1418
1404
1362
1282
1281
1357
1366
1320
1315
1446
1316
1300
1451
1339
1362
1329
1366
1315
1377
1316
1382
1375
1339
1389
1327
1333
1353
1335
1291
1319
1318
1349
1326
1274
1336
1304
1356
1354
1370
1436
1321
1353
1288
1332
1285
1325
1346
1376
1330
1340
1423
1315
1344
1350
1376
1430
1376
1342
1363
1306
1350
1297
1352
1406
1367
1361
1411
1352
1365
1369
1322
1388
1338
1375
1374
1364
1382
1360
1316
1342
1402
1381
1402
1379
1347
1409
1435
1336
1365
1442
1404
1419
1427
1434
1435
1361
1439
1446
1410
1412
1409
1394
1412
1448
1407
1438
1432
1452
1421
1479
1388
1405
1451
1459
1431
1494
1447
1353
1500
1399
1447
1516
1405
1451
1438
1390
1404
1478
1411
1372
1449
1422
1495
1384
1449
1411
1365
1348
1440
1441
1395
1340
1447
1424
1271
1358
1389
1365
1331
1407
1366
1328
1302
1347
1357
1297
1360
1263
1402
1312
1278
1301
1265
1263
1281
1238
1119
1216
1196
1196
1144
1187
1158
1167
1141
1220
1122
1117
1109
1093
1070
1059
1054
1127
1056
1007
1028
1022
1067
1004
978
1029
957
943
962
925
996
969
984
899
977
940
926
903
901
886
902
869
871
868
858
851
814
847
819
897
836
827
818
800
798
811
766
790
747
813
773
769
777
788
805
727
739
754
750
745
766
710
779
719
673
736
695
732
666
752
712
677
709
703
716
719
684
624
688
643
688
687
650
657
665
688
619
678
609
692
633
628
653
680
626
641
600
649
608
700
626
616
599
590
636
632
677
652
621
659
700
620
610
622
625
649
627
595
609
591
613
628
622
607
607
577
612
611
596
603
595
617
584
627
615
598
560
674
597
647
603
607
589
568
615
567
592
604
614
579
617
570
578
613
589
626
614
565
627
600
582
557
604
558
612
604
586
618
596
597
614
542
539
587
606
590
640
616
569
569
611
589
564
622
601
592
580
589
616
625
634
602
626
620
650
597
562
607
598
596
552
623
664
628
571
650
605
612
609
632
587
635
606
651
618
652
630
599
611
604
589
616
620
608
609
609
586
590
589
579
619
597
610
627
612
620
626
611
617
649
609
592
655
639
613
606
569
619
616
595
609
631
633
593
616
646
587
592
600
568
621
621
603
590
611
557
561
587
589
567
579
573
567
589
566
574
583
572
556
564
488
580
546
549
572
530
547
536
591
501
544
483
507
480
480
512
474
477
493
457
501
488
491
476
459
467
448
456
473
450
448
453
442
460
438
457
427
411
435
419
433
396
429
389
378
365
362
440
356
389
378
432
380
374
405
396
349
380
347
398
367
383
362
335
389
309
341
310
351
349
373
350
329
336
326
314
328
334
316
347
308
306
305
325
310
314
321
339
311
284
324
286
278
301
291
266
321
302
326
282
315
311
299
297
283
310
306
305
306
304
292
277
312
322
297
293
266
275
287
287
279
312
291
279
300
298
286
285
255
301
276
279
241
264
284
257
302
265
271
255
239
269
271
249
276
268
268
275
277
270
274
280
279
283
266
265
265
241
270
259
238
262
285
251
250
281
275
244
272
255
247
259
280
264
282
276
252
267
269
249
241
254
245
275
287
290
251
279
252
243
258
255
241
263
240
240
242
263
262
258
281
271
254
259
259
241
246
242
248
262
272
261
249
276
217
274
251
274
291
245
235
253
271
250
268
248
277
258
245
246
274
293
245
253
270
276
252
303
270
230
245
274
259
242
231
266
275
270
260
251
262
280
250
240
261
250
240
255
267
273
243
272
285
247
247
272
266
241
277
295
271
274
246
228
280
260
247
261
245
238
255
253
254
247
233
249
257
275
237
254
225
227
229
237
225
227
239
221
220
253
216
261
250
205
226
214
213
200
208
231
192
226
220
229
185
228
191
211
202
213
210
207
221
199
172
219
180
200
193
196
180
190
186
177
204
172
164
180
184
164
165
188
165
174
175
172
172
180
171
174
176
169
155
144
184
199
154
146
167
154
159
139
179
129
148
186
138
163
161
137
147
148
152
138
163
141
156
145
163
141
146
152
147
136
138
135
121
149
152
138
121
153
129
129
125
136
139
137
118
157
149
137
142
131
124
151
122
130
128
117
117
132
119
129
135
122
128
118
118
125
123
137
125
111
90
121
130
128
111
120
123
105
112
131
130
116
119
125
118
108
145
125
118
114
110
114
98
105
109
106
107
113
121
133
104
98
102
127
127
96
111
111
112
122
102
109
115
112
84
116
113
109
112
116
117
109
114
112
111
116
118
103
103
121
118
112
104
113
108
116
106
129
124
140
123
103
123
97
105
113
103
106
111
108
116
110
116
88
116
102
110
126
87
106
103
112
109
118
107
109
110
114
130
106
106
124
135
110
88
106
111
129
117
122
95
101
128
100
95
99
110
116
125
118
124
103
112
103
116
108
127
107
111
122
136
106
148
131
119
109
99
110
115
115
89
124
98
121
129
114
91
113
111
107
98
123
93
104
101
111
101
108
96
124
107
100
97
101
105
89
83
114
114
96
101
105
96
116
99
93
109
84
89
112
99
96
94
99
95
93
93
96
84
94
91
85
87
82
83
99
83
95
91
94
88
90
73
70
85
77
86
67
75
86
69
70
88
81
65
91
70
77
67
71
61
91
69
93
75
57
60
70
77
73
62
69
64
58
80
93
77
61
71
79
70
64
62
66
68
56
64
65
54
68
57
67
75
72
73
62
59
68
66
67
47
66
70
62
59
57
68
59
68
58
64
64
71
56
48
63
60
56
59
69
61
65
57
45
47
63
66
49
58
46
68
43
38
54
60
48
43
53
57
53
45
59
50
54
48
61
44
53
45
45
51
42
56
59
47
32
45
57
48
40
46
44
66
44
36
45
53
55
56
48
47
47
44
51
57
54
57
44
46
43
48
46
54
55
36
51
49
45
56
50
48
50
49
59
47
47
45
41
38
47
53
42
49
56
63
49
42
50
52
43
49
64
53
41
45
52
52
46
52
43
53
42
39
49
54
43
49
46
51
48
50
42
44
42
49
41
37
53
35
40
49
36
58
45
45
55
41
50
60
53
47
36
46
48
55
46
50
46
44
43
38
46
42
58
37
47
56
47
50
33
43
53
46
63
45
43
49
36
51
48
39
56
46
51
37
58
57
47
34
53
42
44
47
46
45
48
58
46
54
36
37
36
53
41
39
40
33
45
54
43
36
42
46
49
39
45
48
36
45
47
46
55
41
42
40
36
40
36
33
37
43
35
42
32
30
37
31
35
39
32
32
37
35
33
38
46
28
25
28
33
44
25
39
32
26
26
30
23
33
28
28
32
34
22
44
35
32
24
27
30
24
31
31
25
25
27
31
27
29
30
32
37
23
23
26
31
26
28
26
26
28
29
32
30
30
25
33
24
33
26
27
32
26
13
23
27
23
11
26
20
25
17
23
19
24
28
21
17
25
25
23
16
27
25
27
23
29
20
28
18
30
18
26
27
21
18
24
21
23
32
21
21
22
24
23
26
16
20
29
17
20
26
15
20
18
19
27
21
21
21
21
25
22
22
22
23
19
36
21
18
19
19
26
22
26
21
28
26
16
27
20
21
17
15
24
18
19
23
19
21
14
22
27
24
28
15
23
23
22
22
26
22
22
14
21
20
16
17
27
27
19
27
12
17
14
17
23
14
24
23
27
27
23
15
21
28
26
24
20
25
17
16
21
25
21
26
28
25
20
24
22
28
22
25
21
19
19
21
22
14
16
18
16
19
26
17
16
21
25
23
17
23
15
11
18
14
22
22
21
21
28
24
22
24
23
27
17
24
16
21
21
19
10
30
21
17
17
22
15
22
16
18
20
16
24
24
20
17
28
18
11
13
23
16
9
10
16
17
24
18
16
18
22
18
15
13
16
16
17
17
20
18
9
20
24
13
8
16
15
25
14
15
18
20
15
9
16
13
12
16
19
15
18
12
20
23
11
13
15
15
10
5
14
13
17
10
14
13
16
20
12
13
9
10
11
17
14
7
13
12
17
23
18
14
19
11
12
12
16
15
18
18
12
8
11
10
9
6
9
5
11
14
9
9
6
17
7
11
13
7
13
10
12
9
9
13
8
16
12
11
11
5
10
11
16
14
13
6
7
9
14
12
11
8
12
10
8
10
9
7
7
9
8
16
10
8
9
11
9
9
10
8
18
4
11
7
9
9
6
7
9
9
7
8
12
12
11
12
8
6
8
13
5
6
12
10
7
4
8
3
13
7
9
5
8
10
9
4
10
6
5
7
8
15
12
7
5
9
5
14
14
7
12
5
8
8
6
6
6
11
6
3
8
8
11
9
9
9
10
7
5
14
15
6
4
10
5
5
9
9
10
11
10
9
4
9
7
10
11
7
6
6
11
3
10
6
8
7
8
8
8
10
7
4
9
17
14
8
8
6
5
10
8
12
10
8
11
8
8
5
3
10
7
4
8
5
7
3
7
6
6
12
5
7
8
5
7
11
10
5
13
4
9
7
3
7
6
10
9
5
6
9
12
9
7
6
10
3
5
11
9
4
5
7
8
4
10
10
11
7
8
7
11
7
5
8
7
7
8
8
8
6
5
11
5
5
8
8
6
6
3
8
7
4
5
10
8
6
10
5
8
5
9
9
4
5
6
5
3
10
3
3
8
3
9
6
8
10
3
6
9
9
4
4
11
4
5
3
6
7
7
11
3
3
4
4
6
6
2
2
3
6
6
5
4
6
4
7
7
3
2
4
8
1
7
3
5
5
8
5
4
9
3
5
4
4
8
5
6
4
4
5
2
2
7
6
3
5
7
2
5
4
7
1
1
5
4
3
1
1
2
5
6
3
5
4
2
7
6
6
4
2
2
3
5
4
5
4
5
5
4
2
3
7
5
2
3
5
11
4
6
4
3
2
5
0
5
5
3
2
3
6
4
4
4
3
6
3
3
5
2
5
2
4
4
9
3
4
4
6
0
3
3
5
3
3
2
6
3
4
5
5
2
10
2
1
3
0
4
6
3
5
3
3
1
1
2
3
2
4
5
4
4
5
3
2
2
3
7
5
6
3
6
2
3
4
5
5
9
4
2
3
5
4
6
3
4
2
9
5
6
4
9
4
6
3
5
5
3
2
2
1
6
2
4
2
5
3
4
6
6
2
3
1
7
2
2
2
5
4
3
3
4
1
2
4
2
4
4
3
4
2
3
2
2
1
5
2
2
1
0
6
1
1
2
2
1
3
4
4
3
0
6
2
5
3
8
1
2
4
0
1
4
4
1
4
4
1
2
2
4
2
1
1
4
1
0
3
0
1
3
3
6
3
3
2
6
3
1
2
1
5
0
2
0
5
1
1
1
1
6
2
3
4
3
3
2
1
4
1
2
4
3
2
3
3
2
4
0
5
1
6
0
3
3
4
0
2
2
1
3
5
4
1
0
2
2
5
1
1
1
3
1
4
2
3
1
2
2
1
1
2
4
2
0
0
4
2
0
0
2
1
2
3
2
2
4
1
2
2
0
2
2
4
4
5
0
3
1
1
2
1
0
2
2
2
3
2
2
3
2
3
1
0
0
2
0
1
3
3
2
2
0
0
1
0
2
2
2
1
4
1
4
1
1
0
4
2
1
4
1
1
4
1
1
0
3
1
2
2
0
3
2
0
0
2
1
2
1
1
2
4
3
2
2
1
1
1
0
0
2
1
0
1
1
0
3
2
1
0
3
0
1
1
0
0
1
1
2
1
3
2
1
2
0
0
3
1
1
2
2
4
0
0
2
1
0
1
0
1
0
1
3
1
2
3
1
2
3
2
3
3
3
2
1
6
2
0
0
1
0
1
0
0
0
3
0
0
0
0
1
0
3
0
1
1
2
1
2
0
3
0
0
3
1
0
0
1
0
0
0
0
2
1
0
2
0
1
1
0
0
1
1
0
4
5
2
2
0
1
1
3
0
1
1
1
0
2
1
1
0
1
0
1
0
1
2
1
0
0
1
3
1
1
0
0
0
1
0
2
0
2
0
1
2
2
3
0
0
1
1
1
0
1
1
0
3
0
0
0
0
0
0
0
0
0
1
4
2
1
0
0
2
0
1
0
0
1
0
0
2
1
0
0
0
0
0
0
4
0
0
0
1
2
3
0
0
1
1
0
0
0
1
2
1
3
0
1
0
1
0
1
0
1
0
1
0
1
1
0
0
0
0
1
0
0
1
0
0
0
1
0
4
1
2
0
1
0
1
1
0
0
0
1
1
0
0
2
0
2
0
1
0
1
1
0
0
0
0
0
2
0
0
0
0
1
0
3
0
1
1
0
0
0
0
1
1
0
2
0
1
0
0
0
1
0
0
1
0
1
0
0
0
0
1
0
1
0
2
1
1
0
1
0
1
0
0
4
2
0
2
2
0
0
1
0
0
0
1
1
1
2
2
1
1
1
1
1
0
1
1
0
1
0
0
0
0
1
2
1
0
1
0
1
0
0
1
0
1
1
0
0
2
1
1
1
1
0
2
1
0
0
2
1
0
1
0
1
0
0
1
1
0
0
1
0
0
1
0
0
0
1
0
0
3
1
0
0
0
1
0
0
1
0
0
0
1
0
0
1
1
2
0
0
1
0
0
0
0
0
0
3
1
0
1
1
0
0
0
0
1
0
1
0
1
0
0
0
0
1
1
0
0
1
0
2
1
1
1
0
0
1
1
0
0
1
1
0
0
0
0
0
1
0
1
0
1
1
2
0
0
0
1
2
0
1
0
0
0
1
1
1
0
0
1
0
0
0
0
0
2
1
0
0
0
0
1
1
1
0
0
0
0
0
0
0
0
2
0
1
0
2
0
0
0
1
0
1
0
1
0
0
1
2
0
0
0
0
0
0
0
0
0
1
0
0
0
1
0
0
1
0
0
0
0
2
0
0
1
1
0
0
0
0
0
0
0
0
0
1
1
0
0
0
1
1
0
0
0
0
0
0
0
0
0
0
0
0
0
1
0
1
0
0
1
1
0
1
0
1
0
0
0
0
0
0
1
0
2
1
0
0
0
0
0
1
0
0
0
0
1
0
0
0
0
1
1
1
0
1
0
0
0
0
0
0
2
0
0
0
0
1
0
0
0
0
0
0
0
0
0
0
0
0
0
0
0
0
0
0
0
0
0
0
0
1
0
0
1
0
0
0
0
1
0
2
1
0
0
1
0
0
0
0
1
0
0
0
0
0
0
0
0
0
2
0
0
0
0
0
0
0
0
0
0
0
1
0
0
0
0
1
0
0
0
0
0
1
0
2
0
0
0
0
0
0
0
0
0
1
0
1
0
0
0
1
1
0
0
0
0
1
0
0
0
0
0
1
0
0
0
0
1
0
0
0
0
1
0
0
0
1
1
0
0
0
0
1
0
0
0
0
0
0
0
0
0
0
0
0
0
0
0
0
1
0
0
0
0
0
0
0
0
0
0
0
0
0
0
0
0
0
0
0
0
0
0
0
0
0
0
0
0
1
0
0
0
0
0
0
0
1
0
0
0
0
0
0
0
0
0
0
1
1
0
0
0
0
1
0
0
0
0
0
0
0
0
0
0
0
0
0
0
0
0
0
0
0
0
0
0
0
0
0
0
0
0
0
0
0
0
0
0
0
0
0
0
0
0
0
0
0
0
0
0
0
0
0
0
0
0
0
0
0
0
0
0
0
0
0
0
0
0
0
0
0
0
0
0
0
0
1
0
0
0
0
0
0
0
0
0
0
0
0
0
0
0
0
0
0
0
1
0
0
0
0
0
0
0
0
0
0
0
0
0
0
0
0
0
0
0
0
0
0
0
0
0
0
0
0
0
0
0
0
0
0
0
0
0
0
0
0
0
0
0
0
0
1
0
0
0
1
0
0
0
0
0
0
1
0
1
0
0
0
0
0
0
0
0
0
0
0
0
0
0
0
0
0
0
0
0
0
0
0
0
0
0
0
0
0
0
0
0
0
0
0
1
0
1
0
0
0
0
0
0
0
0
0
0
0
0
0
1
0
0
0
0
0
0
0
0
1
0
0
0
0
0
0
0
0
0
0
0
1
0
0
0
0
0
0
0
0
0
0
2
0
0
0
1
0
0
0
0
0
0
1
0
0
0
0
0
0
0
0
0
0
0
0
0
1
0
0
0
0
0
0
0
0
0
0
0
0
0
0
0
0
0
0
0
0
0
0
1
0
0
0
0
0
0
0
0
0
0
0
0
0
0
0
0
0
0
0
0
0
0
0
0
0
0
0
0
0
0
0
0
0
0
0
0
0
0
0
0
0
0
0
0
0
0
0
0
0
0
0
0
0
0
0
0
0
0
0
0
0
0
0
0
0
0
0
0
1
0
0
0
0
0
0
0
0
0
1
0
0
0
0
0
0
0
0
0
0
0
0
0
0
0
0
0
0
0
0
0
0
0
0
0
0
0
0
0
0
0
0
0
0
0
0
0
0
0
0
0
0
0
0
0
0
0
0
0
0
0
0
0
0
0
0
0
0
0
0
0
0
0
0
0
0
0
0
0
1
0
0
0
0
0
0
0
0
0
0
0
0
0
0
0
0
0
1
0
0
0
0
0
0
0
0
0
0
0
0
2
0
0
0
0
0
0
0
0
0
0
0
0
0
0
0
0
0
1
0
0
0
0
0
0
0
0
0
0
0
0
0
0
0
0
0
0
0
0
0
0
0
0
0
0
0
1
0
0
0
0
0
0
0
0
0
0
0
0
0
0
0
0
0
0
0
0
0
0
0
0
0
0
0
0
0
0
0
0
0
0
0
0
0
0
0
0
0
0
0
0
0
0
0
0
0
0
0
0
0
0
0
0
0
0
0
0
0
0
0
0
0
0
0
0
0
0
0
0
0
0
0
0
0
0
0
0
0
0
0
0
0
0
0
0
0
0
0
0
0
0
0
0
0
0
0
0
0
0
0
0
0
0
0
0
0
0
0
0
0
0
0
0
0
0
0
0
0
0
0
0
0
0
0
0
0
0
0
0
0
0
0
0
0
0
1
0
0
0
0
0
0
0
0
0
0
0
0
0
0
0
0
0
0
0
0
0
1
0
0
0
0
0
0
0
0
0
0
0
0
0
0
0
0
0
0
0
0
0
0
0
0
0
0
0
0
0
0
0
0
0
0
0
0
0
0
0
0
0
0
0
0
0
0
0
0
0
0
0
0
0
0
0
0
0
0
0
1
0
0
0
0
0
0
0
0
0
0
0
0
0
0
0
0
1
0
0
0
0
0
0
0
0
0
0
0
0
0
0
0
0
0
0
0
0
0
0
0
0
0
0
0
0
0
0
0
0
0
0
0
0
0
0
0
0
0
0
0
0
0
0
0
0
0
0
0
0
0
0
0
0
0
0
0
0
0
0
0
0
0
0
0
0
0
0
0
0
0
0
0
0
0
0
0
0
0
0
0
0
0
0
0
0
0
0
0
0
0
0
0
0
0
0
0
0
0
0
0
0
0
0
0
0
0
0
0
0
0
0
0
0
0
0
0
0
0
0
0
0
0
0
0
0
0
0
0
0
0
0
0
0
0
0
0
0
0
0
0
0
0
0
0
0
0
0
0
0
0
0
0
0
0
0
0
0
0
0
0
0
0
0
0
0
0
0
0
0
0
0
0
0
0
0
0
0
0
0
0
0
0
0
0
0
0
0
0
0
0
0
0
0
0
0
0
0
0
0
0
0
0
0
0
0
0
0
0
0
0
0
0
0
0
0
0
0
0
0
0
0
0
0
0
0
0
0
0
0
0
0
0
0
0
0
0
0
0
0
0
0
0
0
0
0
0
0
0
0
0
0
0
0
0
0
0
0
0
0
1
0
1
0
0
0
0
0
0
0
0
0
0
0
0
0
0
0
0
0
0
0
0
0
0
0
0
0
0
0
0
0
0
0
0
0
0
0
0
0
0
0
0
0
0
0
0
0
0
0
0
0
0
0
0
0
0
0
0
0
0
0
0
0
0
0
0
0
0
0
0
0
0
0
0
0
0
0
0
0
0
0
0
0
0
0
0
0
0
0
0
0
0
0
0
0
0
0
0
0
0
0
0
0
0
0
0
0
0
0
0
0
0
0
1
0
0
0
0
0
0
0
0
0
0
0
0
0
0
0
0
0
0
0
0
0
0
0
0
0
0
0
0
0
0
0
0
0
0
0
0
0
0
0
0
0
0
0
0
0
0
0
0
0
0
0
0
0
0
0
0
0
0
0
0
0
0
0
0
0
0
0
0
0
0
0
0
0
0
0
0
0
0
0
0
0
0
0
0
0
0
0
0
0
0
0
0
0
0
0
0
0
0
0
0
0
0
0
0
0
0
0
0
0
0
0
0
0
0
0
0
0
0
0
0
0
0
0
0
0
0
0
0
0
0
0
0
0
0
0
0
0
0
0
0
0
0
0
0
0
0
0
0
0
0
0
0
0
0
0
0
0
0
0
0
0
0
0
0
0
0
0
0
0
0
0
0
0
0
0
0
0
0
0
0
0
0
0
0
0
0
0
0
0
0
0
0
0
0
0
0
0
0
0
0
1
0
0
0
0
0
0
0
0
0
0
0
0
0
0
0
0
0
0
0
0
0
0
0
0
0
0
0
0
0
0
0
0
0
0
0
0
0
0
0
0
0
0
0
0
0
0
0
0
0
0
0
0
0
0
0
0
0
0
0
0
0
0
0
0
0
0
0
0
0
0
0
0
0
0
0
0
0
0
0
0
0
0
0
0
0
0
0
0
0
0
0
0
0
0
0
0
0
0
0
0
0
0
0
0
0
0
0
0
0
0
0
0
0
0
0
0
0
0
0
0
0
0
0
0
0
0
0
0
0
0
0
0
0
0
0
0
0
0
0
0
0
0
0
0
0
0
0
0
0
0
0
0
0
0
0
0
0
0
0
0
0
0
0
0
0
0
0
0
0
0
0
0
0
0
0
0
0
0
0
0
0
0
0
0
0
0
0
0
0
0
0
0
0
0
0
0
0
0
0
0
0
0
0
0
0
0
0
0
0
0
0
0
0
0
0
0
0
0
0
0
0
0
0
0
0
0
0
0
0
0
0
0
0
0
0
0
0
0
0
0
0
0
0
0
0
0
0
0
0
0
0
0
0
0
0
0
0
0
0
0
0
0
0
0
0
0
0
0
0
0
0
0
0
0
0
0
0
0
0
0
0
0
0
0
0
0
0
0
0
0
0
0
0
0
0
0
0
0
0
0
0
0
0
0
0
0
0
0
0
0
0
0
0
0
0
0
0
0
0
0
0
0
0
0
0
0
0
0
0
0
0
0
0
0
0
0
0
0
0
0
0
0
0
0
1
0
0
0
0
0
0
0
0
0
0
0
0
0
0
0
0
0
0
0
0
0
0
0
0
0
0
0
0
0
0
0
0
0
0
0
0
0
0
0
0
0
0
0
0
0
0
0
0
0
0
0
0
0
0
0
0
0
0
0
0
0
0
0
0
0
0
0
0
0
0
0
0
0
0
0
0
0
0
0
0
0
0
0
0
0
0
0
0
0
0
0
0
0
0
0
0
0
0
0
0
0
0
0
0
0
0
0
0
0
0
0
0
0
0
0
0
0
0
0
0
0
0
0
0
0
0
0
0
0
0
0
0
0
0
0
0
0
0
0
0
0
0
0
0
0
0
0
0
0
0
0
0
0
0
0
0
0
0
0
0
0
0
0
0
0
0
0
0
0
0
0
0
0
0
0
0
0
0
0
0
0
0
0
0
0
0
0
0
0
0
0
0
0
0
0
0
0
0
0
0
0
0
0
0
0
0
0
0
0
0
0
0
0
0
0
0
0
0
0
0
0
0
0
0
0
0
0
0
0
0
0
0
0
0
0
0
0
0
0
0
0
0
0
0
0
0
0
0
0
0
0
0
0
0
0
0
0
0
0
0
0
0
0
0
0
0
0
0
0
0
0
0
0
0
0
0
0
0
0
0
0
0
0
0
0
0
0
0
0
0
0
0
0
0
0
0
0
0
0
0
0
0
0
0
0
0
0
0
0
0
0
0
0
0
0
0
0
0
0
0
0
0
0
0
0
0
0
0
0
0
0
0
0
0
0
0
0
0
0
0
0
0
0
0
0
0
0
0
0
0
0
0
0
0
0
0
0
0
0
0
0
0
0
0
0
0
0
0
0
0
0
0
0
0
0
0
0
0
0
0
0
0
0
0
0
0
0
0
0
0
0
0
0
0
0
0
0
0
0
0
0
0
0
0
0
0
0
0
0
0
0
0
0
0
0
0
0
0
0
0
0
0
0
0
0
0
0
0
0
0
0
0
0
0
0
0
0
0
0
0
0
0
0
0
0
0
0
0
0
0
0
0
0
0
0
0
0
0
0
0
0
0
0
0
0
0
0
0
0
0
0
0
0
0
0
0
0
0
0
0
0
0
0
0
0
0
0
0
0
0
0
0
0
0
0
0
0
0
0
0
0
0
0
0
0
0
0
0
0
0
0
0
0
0
0
0
0
0
0
0
0
0
0
0
0
0
0
0
0
0
0
0
0
0
0
0
0
0
0
0
0
0
0
0
0
0
0
0
0
0
0
0
0
0
0
0
0
0
0
0
0
0
0
0
0
0
0
0
0
0
0
0
0
0
0
0
0
0
0
0
0
0
0
0
0
0
0
0
0
0
0
0
0
0
0
0
0
0
0
0
0
0
0
0
0
0
0
0
0
0
0
0
0
0
0
0
0
0
0
0
0
0
0
0
0
0
0
0
0
0
0
0
0
0
0
0
0
0
0
0
0
0
0
0
0
0
0
0
0
0
0
0
0
0
0
0
0
0
0
0
0
0
0
0
0
0
0
0
0
0
0
0
0
0
0
0
0
0
0
0
0
0
0
0
0
0
0
0
0
0
0
0
0
0
0
0
0
0
0
0
0
0
0
0
0
0
0
0
0
0
0
0
0
0
0
0
0
0
0
0
0
0
0
0
0
0
0
0
0
0
0
0
0
0
0
0
0
0
0
0
0
0
0
0
0
0
0
0
0
0
0
0
0
0
0
0
0
0
0
0
0
0
0
0
0
0
0
0
0
0
0
0
0
0
0
0
0
0
0
0
0
0
0
0
0
0
0
0
0
0
0
0
0
0
0
0
0
0
0
0
0
0
0
0
0
0
0
0
0
0
0
0
0
0
0
0
0
0
0
0
0
0
0
0
0
0
0
0
0
0
0
0
0
0
0
0
0
0
0
0
0
0
0
0
0
0
0
0
0
0
0
0
0
0
0
0
0
0
0
0
0
0
0
0
0
0
0
0
0
0
0
0
0
0
0
0
0
0
0
0
0
0
0
0
0
0
0
0
0
0
0
0
0
0
0
0
0
0
0
0
0
0
0
0
0
0
0
0
0
0
0
0
0
0
0
0
0
0
0
0
0
0
0
0
0
0
0
0
0
0
0
0
0
0
0
0
0
0
0
0
0
0
0
0
0
0
0
0
0
0
0
0
0
0
0
0
0
0
0
0
0
0
0
0
0
0
0
0
0
0
0
0
0
0
0
0
0
0
0
0
0
0
0
0
0
0
0
0
0
0
0
0
0
0
0
0
0
0
0
0
0
0
0
0
0
0
0
0
0
0
0
0
0
0
0
0
0
0
0
0
0
0
0
0
0
0
0
0
0
0
0
0
0
0
0
0
0
0
0
0
0
0
0
0
0
0
0
0
0
0
0
0
0
0
0
0
0
0
0
0
0
0
0
0
0
0
0
0
0
0
0
0
0
0
0
0
0
0
0
0
0
0
0
0
0
0
0
0
0
0
0
0
0
0
0
0
0
0
0
0
0
0
0
0
0
0
0
0
0
0
0
0
0
0
0
0
0
0
0
0
0
0
0
0
0
0
0
0
0
0
0
0
0
0
0
0
0
0
0
0
0
0
0
0
0
0
0
0
0
0
0
0
0
0
0
0
0
0
0
0
0
0
0
0
0
0
0
0
0
0
0
0
0
0
0
0
0
0
0
0
0
0
0
0
0
0
0
0
0
0
0
0
0
0
0
0
0
0
0
0
0
0
0
0
0
0
0
0
0
0
0
0
0
0
0
0
0
0
0
0
0
0
0
0
0
0
0
0
0
0
0
0
0
0
0
0
0
0
0
0
0
0
0
0
0
0
0
0
0
0
0
0
0
0
0
0
0
0
0
0
0
0
0
0
0
0
0
0
0
0
0
0
0
0
0
0
0
0
0
0
0
0
0
0
0
0
0
0
0
0
0
0
0
0
0
0
0
0
0
0
0
0
0
0
0
0
0
0
0
0
0
0
0
0
0
0
0
0
0
0
0
0
0
0
0
0
0
0
0
0
0
0
0
0
0
0
0
0
0
0
0
0
0
0
0
0
0
0
0
0
0
0
0
0
0
0
0
0
0
0
0
0
0
0
0
0
0
0
0
0
0
0
0
0
0
0
0
0
0
0
0
0
0
0
0
0
0
0
0
0
0
0
0
0
0
0
0
0
0
0
0
0
0
0
0
0
0
0
0
0
0
0
0
0
0
0
0
0
0
0
0
0
0
0
0
0
0
0
0
0
0
0
0
0
