50.000000 10.045533
50.500000 18.477053
51.000000 18.684084
51.500000 18.354004
52.000000 18.388674
52.500000 20.565552
53.000000 23.766237
53.500000 27.220459
54.000000 32.358276
54.500000 40.306278
55.000000 48.729008
55.500000 57.936893
56.000000 68.245003
56.500000 82.831909
57.000000 98.100830
57.500000 115.526985
58.000000 133.809204
58.500000 155.468887
59.000000 182.466080
59.500000 212.610718
60.000000 245.760025
60.500000 285.936310
61.000000 339.213745
61.500000 411.142242
62.000000 504.455688
62.500000 639.323303
63.000000 868.644714
63.500000 1264.404297
64.000000 2146.325928
64.500000 5145.080566
65.000000 18981.373047
65.500000 82657.070312
66.000000 102400.007812
66.500000 102400.007812
67.000000 102400.007812
67.500000 102400.007812
